0.0000 58210
1.0000 58350
2.0000 58671
3.0000 58613
4.0000 57985
5.0000 58468
6.0000 58582
7.0000 57951
8.0000 58423
9.0000 58360
10.0000 58731
11.0000 57924
12.0000 58294
13.0000 58137
14.0000 58311
15.0000 58158
16.0000 58099
17.0000 57685
18.0000 58230
19.0000 58596
20.0000 58229
21.0000 58168
22.0000 58308
23.0000 57896
24.0000 58786
25.0000 57855
26.0000 58359
27.0000 58262
28.0000 58023
29.0000 58342
30.0000 58105
31.0000 58019
32.0000 58188
33.0000 58449
34.0000 58295
35.0000 58171
36.0000 58276
37.0000 58612
38.0000 58585
39.0000 58379
40.0000 58745
41.0000 57887
42.0000 58358
43.0000 58632
44.0000 57999
45.0000 58180
46.0000 58207
47.0000 57740
48.0000 58385
49.0000 57843
50.0000 58480
51.0000 58229
52.0000 58485
53.0000 58012
54.0000 58244
55.0000 57900
56.0000 58515
57.0000 58574
58.0000 58157
59.0000 58215
60.0000 58383
61.0000 58691
62.0000 58534
63.0000 58163
64.0000 58278
65.0000 58429
66.0000 58684
67.0000 58058
68.0000 57837
69.0000 57992
70.0000 58356
71.0000 58299
72.0000 58176
73.0000 58347
74.0000 58315
75.0000 57901
76.0000 58124
77.0000 58265
78.0000 58716
79.0000 58089
80.0000 58191
81.0000 58377
82.0000 58483
83.0000 58319
84.0000 58143
85.0000 58376
86.0000 58262
87.0000 58511
88.0000 58439
89.0000 58432
90.0000 57951
91.0000 58359
92.0000 58324
93.0000 58150
94.0000 58349
95.0000 58524
96.0000 58368
97.0000 58201
98.0000 58369
99.0000 58324
100.0000 58620
101.0000 58164
102.0000 57900
103.0000 57797
104.0000 58596
105.0000 58456
106.0000 57728
107.0000 58364
108.0000 58468
109.0000 58516
110.0000 58257
111.0000 58478
112.0000 58109
113.0000 58225
114.0000 58165
115.0000 58208
116.0000 58398
117.0000 58198
118.0000 57876
119.0000 57561
120.0000 58446
121.0000 57829
122.0000 57445
123.0000 57630
124.0000 56814
125.0000 57079
126.0000 55852
127.0000 54442
128.0000 52491
129.0000 49947
130.0000 48999
131.0000 48906
132.0000 50987
133.0000 53656
134.0000 55422
135.0000 56468
136.0000 57433
137.0000 57383
138.0000 57844
139.0000 57507
140.0000 58062
141.0000 57929
142.0000 57506
143.0000 58066
144.0000 58648
145.0000 58312
146.0000 57968
147.0000 58288
148.0000 58158
149.0000 57736
150.0000 58348
151.0000 58428
152.0000 58076
153.0000 58543
154.0000 58566
155.0000 58338
156.0000 57949
157.0000 58027
158.0000 58471
159.0000 58421
160.0000 58289
161.0000 58587
162.0000 58513
163.0000 58479
164.0000 58144
165.0000 58444
166.0000 58429
167.0000 58325
168.0000 58389
169.0000 58410
170.0000 58322
171.0000 58266
172.0000 58316
173.0000 58067
174.0000 58190
175.0000 58415
176.0000 57795
177.0000 58035
178.0000 58198
179.0000 58363
180.0000 58489
181.0000 58427
182.0000 57971
183.0000 58418
184.0000 58380
185.0000 58353
186.0000 58406
187.0000 58239
188.0000 58400
189.0000 58244
190.0000 58215
191.0000 58500
192.0000 58318
193.0000 58554
194.0000 58235
195.0000 58051
196.0000 58332
197.0000 58228
198.0000 58196
199.0000 58484
200.0000 58034
201.0000 58404
202.0000 57856
203.0000 58131
204.0000 58017
205.0000 58276
206.0000 58217
207.0000 58124
208.0000 58257
209.0000 58221
210.0000 58380
211.0000 57943
212.0000 58617
213.0000 58047
214.0000 57862
215.0000 58276
216.0000 58362
217.0000 58225
218.0000 58448
219.0000 57569
220.0000 58255
221.0000 58070
222.0000 58380
223.0000 58373
224.0000 58294
225.0000 58133
226.0000 58533
227.0000 58081
228.0000 58060
229.0000 58451
230.0000 58272
231.0000 58363
232.0000 57951
233.0000 57926
234.0000 58345
235.0000 58439
236.0000 58518
237.0000 58281
238.0000 58232
239.0000 58584
240.0000 58386
241.0000 58177
242.0000 58179
243.0000 58066
244.0000 58143
245.0000 58456
246.0000 58187
247.0000 58295
248.0000 58269
249.0000 58037
250.0000 58151
251.0000 58029
252.0000 58358
253.0000 58115
254.0000 57544
255.0000 58193
256.0000 58296
257.0000 58175
258.0000 58382
259.0000 58081
260.0000 58087
261.0000 58559
262.0000 58253
263.0000 58413
264.0000 58015
265.0000 58308
266.0000 57741
267.0000 58328
268.0000 58482
269.0000 58193
270.0000 58637
271.0000 58760
272.0000 58036
273.0000 58326
274.0000 58285
275.0000 58138
276.0000 57943
277.0000 58031
278.0000 58136
279.0000 58256
280.0000 57957
281.0000 58221
282.0000 58199
283.0000 58045
284.0000 57849
285.0000 58013
286.0000 58095
287.0000 58158
288.0000 57954
289.0000 58186
290.0000 58029
291.0000 58195
292.0000 58067
293.0000 58209
294.0000 58335
295.0000 58760
296.0000 58250
297.0000 57998
298.0000 58280
299.0000 58278
300.0000 57740
301.0000 58089
302.0000 58312
303.0000 57990
304.0000 58247
305.0000 58298
306.0000 58336
307.0000 58089
308.0000 57839
309.0000 58126
310.0000 58111
311.0000 57996
312.0000 58170
313.0000 57854
314.0000 58068
315.0000 57868
316.0000 58277
317.0000 58057
318.0000 57936
319.0000 58407
320.0000 58093
321.0000 57890
322.0000 57967
323.0000 58160
324.0000 58424
325.0000 58019
326.0000 58003
327.0000 58022
328.0000 58180
329.0000 58087
330.0000 58096
331.0000 58198
332.0000 57777
333.0000 58204
334.0000 57989
335.0000 58239
336.0000 58257
337.0000 58231
338.0000 58078
339.0000 58145
340.0000 57933
341.0000 58043
342.0000 58331
343.0000 58404
344.0000 58307
345.0000 58261
346.0000 57752
347.0000 58589
348.0000 58035
349.0000 57940
350.0000 58476
351.0000 57969
352.0000 58157
353.0000 57920
354.0000 57990
355.0000 58362
356.0000 57723
357.0000 58575
358.0000 57903
359.0000 57902
360.0000 57642
361.0000 57971
362.0000 57601
363.0000 58295
364.0000 58584
365.0000 57435
366.0000 57891
367.0000 58183
368.0000 58108
369.0000 57750
370.0000 57747
371.0000 57841
372.0000 57791
373.0000 57500
374.0000 57312
375.0000 57375
376.0000 56605
377.0000 56003
378.0000 54972
379.0000 53164
380.0000 50387
381.0000 48841
382.0000 48488
383.0000 49614
384.0000 52208
385.0000 54260
386.0000 56024
387.0000 56553
388.0000 56908
389.0000 57353
390.0000 57534
391.0000 57675
392.0000 57600
393.0000 58273
394.0000 58386
395.0000 57991
396.0000 57791
397.0000 57838
398.0000 57905
399.0000 58293
400.0000 57848
401.0000 58088
402.0000 57891
403.0000 57758
404.0000 57670
405.0000 57854
406.0000 57941
407.0000 58069
408.0000 57977
409.0000 58393
410.0000 58052
411.0000 57695
412.0000 58352
413.0000 58109
414.0000 57322
415.0000 57851
416.0000 58091
417.0000 58004
418.0000 58325
419.0000 57687
420.0000 58204
421.0000 58017
422.0000 58411
423.0000 58043
424.0000 58293
425.0000 58291
426.0000 58259
427.0000 58672
428.0000 58185
429.0000 58340
430.0000 57991
431.0000 58126
432.0000 58426
433.0000 58330
434.0000 57825
435.0000 58568
436.0000 57703
437.0000 58248
438.0000 58049
439.0000 57888
440.0000 58190
441.0000 58557
442.0000 58206
443.0000 57482
444.0000 57807
445.0000 58218
446.0000 58287
447.0000 57924
448.0000 58041
449.0000 58259
450.0000 58087
451.0000 58086
452.0000 58382
453.0000 58392
454.0000 58457
455.0000 57869
456.0000 57894
457.0000 58287
458.0000 58022
459.0000 58232
460.0000 57789
461.0000 58314
462.0000 58306
463.0000 58167
464.0000 58198
465.0000 58425
466.0000 57826
467.0000 58459
468.0000 58072
469.0000 58074
470.0000 58006
471.0000 58340
472.0000 58528
473.0000 57765
474.0000 58242
475.0000 58318
476.0000 58330
477.0000 57825
478.0000 58233
479.0000 58563
480.0000 57786
481.0000 58324
482.0000 57923
483.0000 57781
484.0000 57929
485.0000 58379
486.0000 58106
487.0000 58780
488.0000 58272
489.0000 57602
490.0000 58296
491.0000 58104
492.0000 58360
493.0000 58261
494.0000 58002
495.0000 58532
496.0000 58187
497.0000 58013
498.0000 58497
499.0000 58159
500.0000 57753
501.0000 58041
502.0000 58077
503.0000 58588
504.0000 58163
505.0000 58521
506.0000 58114
507.0000 58430
508.0000 57558
509.0000 58068
510.0000 58113
511.0000 51065
